76561199436844577
76561198377978436
76561199083192888
76561199175927780
76561199478245070
76561198404784188
76561199215640996
76561198425912791
76561199027986243
76561199027891489
76561199342936666
76561199250587825
76561199142610581
76561198254265829
76561199029153986
76561198919589428
76561199478780081
76561199383597546
76561198431245037
76561199466952051
76561199136787930
76561199379630538
76561199217373056
76561199335347591
76561199063418687
76561199043344894
76561198297958652
76561199043220657
76561199321001637
76561199024262930
76561198323169103
76561199298845867
76561198876000370
76561198202829970
76561198426217147
